alar  -9.74922  -36.65342  0.012333 -0.004481  0.000030  0.000066  0.000001  5043729.7051 -3753105.5700 -1072966.9518 -0.000057 -0.005543  0.011953  0.000077  0.000059  0.000029  9.28 3063
bele  -1.40879  -48.46255  0.012804 -0.004874  0.000015  0.000044  0.000000  4228139.0446 -4772752.0917  -155761.3205 -0.004090 -0.002734  0.012824  0.000044  0.000043  0.000014 13.65 4742
boav   2.84518  -60.70112  0.011897 -0.004337  0.000018  0.000048  0.000000  3117452.2052 -5555487.8443   314480.8403 -0.003420 -0.002768  0.011949  0.000044  0.000059  0.000018  9.85 3451
bomj -13.25556  -43.42174  0.012162 -0.004989  0.000029  0.000056  0.000000  4510195.8386 -4268322.2954 -1453035.3440 -0.000293 -0.006592  0.011478  0.000058  0.000054  0.000027 20.69 4392
ceeu  -3.87755  -38.42554  0.011567 -0.004551  0.000063  0.000157  0.000001  4985392.7360 -3954993.2952  -428437.8570 -0.001138 -0.004906  0.011447  0.000177  0.000145  0.000062  9.36 3098
crat  -7.23802  -39.41561  0.012677 -0.004579  0.000026  0.000072  0.000000  4888826.0286 -4017957.4448  -798308.9892 -0.002323 -0.004018  0.012683  0.000076  0.000068  0.000026 16.21 4372
cuib -15.55526  -56.06987  0.011777 -0.003314  0.000033  0.000056 -0.000001  3430711.3891 -5099641.5184 -1699432.9777 -0.001223 -0.004119  0.011464  0.000053  0.000062  0.000031 22.13 5584
gval -18.85561  -41.95762  0.012324 -0.004329  0.000028  0.000040  0.000000  4490200.7904 -4036984.9375 -2048288.3295  0.001176 -0.006879  0.011154  0.000042  0.000039  0.000026  9.54 3181
maba  -5.36238  -49.12230  0.012580 -0.004221  0.000060  0.000154  0.000000  4156055.6402 -4801656.5277  -592100.5566 -0.003977 -0.001855  0.012747  0.000158  0.000149  0.000060  9.85 3062
mapa   0.04669  -51.09734  0.012282 -0.003808  0.000028  0.000075  0.000000  4005461.1372 -4963550.3230     5162.3120 -0.002568 -0.002881  0.012283  0.000073  0.000078  0.000028 11.28 3825
mtsf -11.61928  -50.66351  0.012505 -0.004223  0.000019  0.000042 -0.000000  3960733.8325 -4832787.7428 -1276215.0668 -0.000916 -0.005545  0.012004  0.000041  0.000045  0.000018  9.28 3193
onrj -22.89570  -43.22433  0.011643 -0.003971  0.000088  0.000128  0.000001  4283638.3623 -4026028.8545 -2466096.7448  0.000799 -0.006201  0.010599  0.000132  0.000125  0.000081 10.29 3693
pepe  -9.38442  -40.50612  0.012183 -0.004188  0.000021  0.000055  0.000001  4785329.9304 -4087942.4981 -1033193.9027 -0.000780 -0.004842  0.011927  0.000061  0.000050  0.000020  9.53 3366
saga  -0.14385  -67.05778  0.011244 -0.004242  0.000020  0.000055 -0.000000  2486243.7589 -5873685.3190   -15906.7255 -0.004887  0.000662  0.011250  0.000051  0.000077  0.000020  9.82 3538
ssa1 -12.97516  -38.51648  0.011921 -0.004483  0.000039  0.000086  0.000001  4863840.3124 -3871158.6307 -1422726.6887 -0.000358 -0.005444  0.011517  0.000094  0.000081  0.000037  9.85 3514
togu -11.74671  -49.04910  0.012166 -0.004253  0.000023  0.000056  0.000000  4093503.2436 -4717194.8492 -1290037.7419 -0.000580 -0.005821  0.011592  0.000056  0.000056  0.000022  9.28 3168
topl -10.17105  -48.33068  0.012086 -0.004459  0.000031  0.000070  0.000000  4174345.6142 -4690236.7332 -1118921.3218 -0.002091 -0.004357  0.011944  0.000070  0.000069  0.000029  9.53 3312
bue1 -34.57370  -58.51930  0.012466 -0.001177  0.000027  0.000029 -0.000000  2745499.0373 -4483636.5039 -3599054.5489  0.003370 -0.007757  0.009368  0.000028  0.000030  0.000026 12.60 4521
lkth -51.69841  -57.85074  0.012676  0.000370  0.000052  0.000043 -0.000002  2107960.9660 -3353968.9313 -4982126.5571  0.005572 -0.008170  0.007939  0.000041  0.000046  0.000064 17.07 4419
recf  -8.05096  -34.95152  0.012746 -0.003785  0.000038  0.000094  0.000001  5176588.6459 -3618162.1501  -887363.9150 -0.002546 -0.002839  0.012938  0.000101  0.000090  0.000036 17.72 5719
braz -15.94748  -47.87787  0.012367 -0.003564  0.000020  0.000038 -0.000000  4115014.0867 -4550641.5157 -1741444.0738 -0.000920 -0.004296  0.012127  0.000038  0.000039  0.000019 22.02 7043
azul -36.76702  -59.88128  0.011885 -0.001051  0.000151  0.000143 -0.000009  2566993.1272 -4424962.7974 -3796807.7484  0.003178 -0.007572  0.008751  0.000134  0.000168  0.000146  9.36 3281
lpgs -34.90675  -57.93230  0.011815 -0.000999  0.000052  0.000045 -0.000004  2780102.9749 -4437418.8730 -3629404.5560  0.003338 -0.007210  0.008907  0.000041  0.000055  0.000052 18.02 6094
uymo -34.88832  -56.25988  0.012474 -0.002697  0.000164  0.000165 -0.000013  2909133.0177 -4355451.2995 -3627801.1952  0.001522 -0.007135  0.010480  0.000150  0.000199  0.000154 10.15 3007
uyro -34.00100  -53.55483  0.012911 -0.002778  0.000104  0.000114 -0.000004  3144469.6610 -4258022.0847 -3546571.9481  0.001800 -0.007115  0.010992  0.000108  0.000124  0.000097 10.07 3085
asc1  -7.95121  -14.41207  0.011206 -0.005407  0.000044  0.000081  0.000001  6118526.0627 -1572344.6898  -876451.1639 -0.000401 -0.005480  0.011178  0.000116  0.000079  0.000043 11.37 2627
brft  -3.87745  -38.42554  0.013040 -0.004344  0.000023  0.000032  0.000000  4985393.5297 -3954993.4194  -428426.6918 -0.002064 -0.003907  0.013015  0.000034  0.000031  0.000023 11.13 3477
cefe -20.31079  -40.31946  0.012715 -0.004554  0.000031  0.000047  0.000001  4562488.4904 -3871935.8191 -2200001.4729  0.001880 -0.007568  0.011215  0.000050  0.000045  0.000028  9.87 3209
chpi -22.68715  -44.98516  0.012126 -0.003983  0.000027  0.000037 -0.000000  4164613.8690 -4162456.8477 -2445028.8459  0.000760 -0.006392  0.011029  0.000037  0.000037  0.000025 15.84 4642
goja -17.88328  -51.72611  0.011705 -0.003737  0.000028  0.000048 -0.000001  3761502.4066 -4767353.0126 -1946325.8762 -0.001658 -0.003932  0.011634  0.000045  0.000052  0.000026  9.27 3169
kour   5.25218  -52.80596  0.013009 -0.004640  0.000008  0.000022 -0.000000  3839591.4128 -5059567.5695   579957.0076 -0.005365 -0.000606  0.012811  0.000022  0.000022  0.000008 15.09 4934
mcla -16.72039  -43.88132  0.012291 -0.004016  0.000062  0.000118  0.000002  4404519.5821 -4235798.4046 -1823409.1077  0.000259 -0.005820  0.011566  0.000124  0.000112  0.000057 13.03 4097
mgin -22.31856  -46.32802  0.012214 -0.004433  0.000022  0.000031  0.000000  4076879.9474 -4270390.9494 -2407418.0253  0.000892 -0.007354  0.010767  0.000031  0.000030  0.000021  9.53 3390
mgmc -16.71639  -43.85832  0.012813 -0.004357  0.000018  0.000035  0.000000  4406284.9355 -4234092.8499 -1822973.7078  0.002871 -0.008801  0.010925  0.000035  0.000035  0.000016  9.27 3215
mgub -18.91916  -48.25605  0.012073 -0.004183  0.000020  0.000035 -0.000000  4019130.6042 -4504012.5674 -2055168.6942  0.000732 -0.007103  0.010779  0.000034  0.000036  0.000018  9.51 3410
naus  -3.02292  -60.05502  0.011863 -0.003960  0.000031  0.000106 -0.000001  3179409.3695 -5519130.6724  -334110.0878 -0.003138 -0.002487  0.011848  0.000098  0.000129  0.000030 11.53 4018
ouri -22.94917  -49.89504  0.012028 -0.003026  0.000178  0.000253 -0.000004  3785720.2236 -4494897.6621 -2471710.5019 -0.001355 -0.003088  0.012431  0.000245  0.000264  0.000164 10.18 3411
poal -30.07404  -51.11976  0.012576 -0.002243  0.000025  0.000030  0.000000  3467519.3995 -4300378.5248 -3177517.7244  0.002393 -0.006541  0.010713  0.000030  0.000030  0.000023 17.48 5918
poli -23.55565  -46.73031  0.011860 -0.003904  0.000042  0.000057  0.000000  4010099.5214 -4259927.3385 -2533538.7095  0.000441 -0.006164  0.010849  0.000058  0.000057  0.000039 10.51 3672
ppte -22.11990  -51.40853  0.012585 -0.002581  0.000085  0.000132 -0.000002  3687624.3617 -4620818.6914 -2386880.2937  0.001127 -0.005550  0.011535  0.000128  0.000138  0.000077 11.53 3797
riod -22.81784  -43.30628  0.011753 -0.004015  0.000046  0.000068  0.000001  4280294.8731 -4034431.1868 -2458141.4251  0.000040 -0.005556  0.011136  0.000070  0.000067  0.000042 22.13 5689
rjcg -21.76486  -41.32616  0.011727 -0.004779  0.000020  0.000029  0.000001  4450354.2506 -3913332.8131 -2350256.2764  0.000528 -0.006827  0.010669  0.000031  0.000027  0.000019  9.28 3330
scch -27.13756  -52.59951  0.012477 -0.003455  0.000103  0.000130 -0.000001  3450305.4337 -4512731.6960 -2892128.1569  0.000402 -0.006214  0.011365  0.000129  0.000133  0.000095  9.28 3286
scla -27.79283  -50.30426  0.012203 -0.003928  0.000110  0.000136 -0.000002  3606986.0523 -4345293.2703 -2956654.1044  0.001392 -0.007827  0.010152  0.000132  0.000140  0.000102  9.28 3355
sjrp -20.78552  -49.35995  0.011655 -0.004308  0.000021  0.000033 -0.000001  3885706.9107 -4527123.9849 -2249400.0389 -0.000401 -0.006147  0.010795  0.000032  0.000036  0.000019  9.53 3247
smar -29.71892  -53.71659  0.012381 -0.002715  0.000072  0.000085 -0.000003  3280748.4094 -4468909.7525 -3143408.6519  0.001665 -0.006855  0.010539  0.000081  0.000093  0.000067 14.53 5212
vico -20.76150  -42.86999  0.011830 -0.004316  0.000042  0.000055  0.000001  4373283.2997 -4059639.0191 -2246959.7441  0.001260 -0.007059  0.010481  0.000057  0.000054  0.000040 19.94 5848
